% Stock Vehicle Parameters for EcoCAR3
%% Additional Engine params
Engine.Inertia = 0.1; % Net rotational inertia with accessories
%% Transmission and differntial
Gearbox.ClutchInertiaEngine = 0.08; % Engine side clutch inertia (kg*m^2)
Gearbox.ClutchInertiaTrans = 0.01; % Transmission side clutch inertia (kg*m^2)
Gearbox.InputShaftInertia = 0.028; % Input shaft inertia (kg*m^2)
Gearbox.OutputShaftInertia = 0.01; % Input shaft inertia (kg*m^2)
Gearbox.RatioInputInertia = 0.002; % Ratio input inertia (kg*m^2)
% 8L45 Transmission gear ratios
GearBox.L45.gr1 = 4.62;
GearBox.L45.gr2 = 3.04;
GearBox.L45.gr3 = 2.07;
GearBox.L45.gr4 = 1.66;
GearBox.L45.gr5 = 1.26;
GearBox.L45.gr6 = 1.00;
GearBox.L45.gr7 = 0.85;
GearBox.L45.gr8 = 0.66;
GearBox.L45.rev = 3.93;
GearBox.L45.FinalDriveRatio = 2.77;
% 6L45 Transmission gear ratios
% GearBox.L45.gr1 = 4.06;
% GearBox.L45.gr2 = 2.37;
% GearBox.L45.gr3 = 1.55;
% GearBox.L45.gr4 = 1.16;
% GearBox.L45.gr5 = 0.85;
% GearBox.L45.gr6 = 0.67;
% GearBox.L45.rev = 3.2;
% GearBox.L45.FinalDriveRatio = 3.23;
% 6T45 Transmission gear ratios
% GearBox.T45.gr1 = 4.854;
% GearBox.T45.gr2 = 2.964;
% GearBox.T45.gr3 = 1.912;
% GearBox.T45.gr4 = 1.446;
% GearBox.T45.gr5 = 1;
% GearBox.T45.gr6 = 0.746;
% GearBox.T45.rev = 2.94;
% GearBox.T45.FinalDriveRatio = 3.27;
%% Transmission Shift Schedules
% 8L45 Gear Shift Schedule table 
Gearbox.L45.PedalPositions = [0 6.25 12.5	18.75 25 31.25 37.5	43.75 50 56.25 62.5	68.75 75 81.25 87.5	93.75 99.99847412];
Gearbox.L45.UpShiftSpeeds = [...
13.703125	13.703125	13.703125	13.796875	16.703125	21.3984375	27.6015625	33.1015625	38.3984375	43.8984375	48.8984375	51	52.203125	52.8984375	53.296875	53.3984375	53.3984375;
22.1015625	22.1015625	22.1015625	24.1015625	27.796875	35.1015625	43	54.203125	64.203125	73.5	82.3984375	86.5	89	90.3984375	90.796875	90.796875	90.796875;
28.296875	28.296875	28.3984375	34.6015625	43.703125	55.5	68.296875	85	99.8984375	114	127	132.796875	136.296875	139	141	141.296875	141.296875;
38.203125	38.203125	38.203125	43.8984375	55.6015625	70.6015625	86.6015625	107.6015625	126.796875	145	161	168.296875	172.703125	176.3984375	179.203125	179.703125	179.703125;
49.296875	49.296875	49.703125	56	73.296875	93.703125	114.203125	140.796875	166.203125	193.1015625	222.796875	235	235	235	235	235	235;
64.1015625	64.1015625	64.1015625	66.3984375	85.3984375	110	135	169	216.703125	253.296875	264.5	265.8984375	266	266	266	266	266;
82.6015625	82.6015625	82.6015625	86	106	135	260.6015625	511.9921875	511.9921875	511.9921875	511.9921875	511.9921875	511.9921875	511.9921875	511.9921875	511.9921875	511.9921875];
Gearbox.L45.DownShiftSpeeds = [...
7	7	7	7	10.703125	11.703125	12.703125	14.1015625	17.1015625	21.3984375	24.703125	26.8984375	31.6015625	36.1015625	38.8984375	39.296875	39.3984375;
7	7	7	7	15	20	24.203125	27.1015625	33.6015625	39.3984375	53	65.796875	74.296875	78.5	79.703125	79.796875	79.796875;
25.203125	25.203125	25.203125	25.203125	27.6015625	32.6015625	36.296875	43.3984375	50.703125	60.703125	78	92	105	117	128	134.203125	134.296875;
35	35	35	35	36.796875	43.296875	48	58.6015625	85.703125	111.1015625	131	147.3984375	159.703125	167.703125	172.1015625	173.3984375	173.703125;
44.1015625	44.1015625	44.1015625	49.1015625	50.8984375	55.5	76.6015625	101.703125	125.8984375	151.8984375	184.796875	218.296875	221	225	225	225	225;
60.1015625	60.1015625	60.1015625	60.1015625	62.796875	80	103	128	156	202.703125	248.6015625	259.5	261.3984375	261.8984375	262	262	262;
77.6015625	77.6015625	77.6015625	77.6015625	80	103	129	160	459.3984375	505.796875	507	507	507	507	507	507	507];
% % 6L45 Gear Shift Schedule table 
% Gearbox.L45.PedalPositions = [0	6.2485 12.4969 18.7454 24.9939 31.2424 37.4908 43.7393 49.9878 56.2363 62.4847 68.7332 74.9817 81.2302 87.4786 93.7271 99.9756];
% Gearbox.L45.UpShiftSpeeds = [...
% 15      15      15      15      15      15      18.2969     20.1016     22      23.7969     27.6016     32.5        37.2969     43.1016     50	50	50;
% 24.7031	24.7031	24.7031	24.7031	25.7969	29.2969	33.7969     37.3984     41.5	46.7031     54.6016     61          70.2031     79.3984     92	92	92;
% 37      37      37      37      40.2031	48.2969	55.5        62.2969     70      80          90          100         110         125         141 141	141;
% 49.6016	49.6016	49.6016	51.7031	55.2969	63.8984	74.5        83.7969     93.2031	103.6016	116.2969	128.2969	139.2969	151.6016	185	185	185;
% 65.3984	65.3984	65.3984	68.2969	72.3984	84.7969	100.6016	113.8984	300     300         300         300         300         300         300	300	300];
% Gearbox.L45.DownShiftSpeeds = [...
% 13      13      13      13      13      13      13      13      13      13      13      13          23          30          37          42	42;
% 22      22      22      22      22.5	24.1016	25.1016	27.5	32.1016	35.6016	39.7969	45.6016     54.2031     66          76          86	86;
% 34      34      34      34      34      35.8984	40.6016	48.8984	56.1016	62.7969	68.7969	77.2031     86.5        95.6016     104.1016	136	136;
% 45.5	45.5	45.5	45.5	46.3984	49.8984	56.1016	66.3984	76.6016	85.7969	94.7031	105.8984    118.6016	130.2031	144         180	180;
% 60.5	60.5	60.5	60.5	60.8984	64.7969	73.3984	85.2031	98      120     160     500         500         500         500         500	500];
% % 6T45 Gear Shift Schedule table
% Gearbox.T45.PedalPositions = [0	6.25 12.5 18.75	25 31.25 37.5 43.75	50 56.25 62.5 68.75	75 81.25 87.5 93.75	99.99847412];
% Gearbox.T45.UpShiftSpeeds = [...
% 15          15          15          15          18          23.203125	29          33.8984375	38.203125	41.203125	44.203125	47.203125	50.203125       52.5	53.5        54.5        54.5
% 29.03125	29.03125	29.03125	29.03125	33.6484375	41.6640625	50.625      58.171875	64.9609375	69.5625     74.171875	78.7734375	83.3828125	86.9921875	86.9921875	86.9921875	86.9921875
% 41.1953125	41.1953125	41.1953125	41.1953125	47.359375	58.0234375	70.2734375	83.9453125	97.3125     110.4375	124.5859375	140.828125	143.96875	143.96875	143.96875	143.96875	143.96875
% 59.1640625	59.1640625	59.1640625	59.1640625	68.53125	85.484375	106.4375	129.2734375	157.84375	188.0234375	511.9921875	511.9921875	511.9921875	511.9921875	511.9921875	511.9921875	511.9921875
% 76.6953125	76.6953125	76.6953125	76.6953125	101.484375	147.3828125	511.9921875	511.9921875	511.9921875	511.9921875	511.9921875	511.9921875	511.9921875	511.9921875	511.9921875	511.9921875	511.9921875];
% Gearbox.T45.DownShiftSpeeds = [...    
% 11.5078125	11.5078125	11.5078125	11.5078125	11.5078125	11.5078125	11.5078125	11.5078125	11.5078125	11.5078125	11.5078125	11.5078125	11.5078125	11.5078125	11.5078125	45.46875	45.46875
% 23.0078125	23.0078125	23.0078125	23.0078125	23.0078125	29.2734375	34.3359375	42.4375     51.21875	58.4609375	64.28125	69.6953125	74.078125	78.4609375	81.515625	81.515625	81.515625
% 37.03125	37.03125	37.03125	37.03125	38.9453125	44.953125	54.875      66.6015625	80.0390625	93.6015625	106.75      120.53125	126         129.9453125	129.9453125	129.9453125	129.9453125
% 53.46875	53.46875	53.46875	53.46875	56.171875	69.0546875	86.390625	107.390625	130.2890625	157.25      177.1015625	180.421875	185.0546875	185.0546875	185.0546875	185.0546875	185.0546875
% 71.765625	71.765625	71.765625	71.765625	76.390625	104.1640625	155.6796875	511         511         511         511         511         511         511         511     	511         511];
%% Vehicle Body
Vehicle.BodyMass = 1365; % Vehicle mass minus powertrain (kg)
Vehicle.TestingMass = 1765; % EPA test weight (kg)
Vehicle.FrontalArea = 2.222; % Frontal area (m^2)
Vehicle.Drag = 0.344; % Drag coefficient
Vehicle.Trailer =0; % Trailer Mass for EEC (kg)
%% Tires
Tire.Radius = 0.341; % Wheel radius (m)
% Rolling resitance coefficients
Tire.Alpha = -0.473601;
Tire.Beta = 1.03160;
Tire.A_coeff = 6.83913e-2;
Tire.B_coeff = 1.65067e-4;
